
person( xloc,yloc,rescuetime)
56,146,159
129,12,167
34,87,140
41,42,73
91,10,168
46,153,82
96,5,153
59,81,80
91,17,144
50,165,97
70,261,135
88,28,141
73,270,94
123,15,87
38,164,99
26,93,97
30,39,147
90,302,136
22,144,134
38,113,72
54,168,130
33,46,166
53,37,163
73,272,153
80,25,128
35,144,92
48,262,85
59,270,106
97,308,72
71,314,101
19,153,144
59,153,124
59,146,76
35,79,107
112,306,81
106,19,118
12,104,141
98,308,104
83,306,134
89,312,78
134,11,141
109,307,107
60,90,104
91,313,159
18,88,76
20,86,108
51,80,116
56,262,108
29,117,142
17,90,118
51,159,89
43,111,144
31,85,134
39,153,141
18,39,119
23,149,91
46,87,109
40,79,163
92,311,102
77,309,133
83,262,97
88,305,146
39,159,110
104,14,138
48,109,74
38,36,141
13,144,167
25,169,91
83,265,105
29,42,148
47,146,75
18,108,157
64,165,98
75,304,102
37,146,124
70,306,110
16,148,80
110,31,112
89,26,138
45,146,169
65,266,96
70,306,127
72,305,132
57,85,149
14,116,90
56,45,138
33,139,96
80,308,103
24,105,137
45,140,132
78,307,145
44,268,114
61,272,147
74,308,120
55,147,130
71,24,147
26,112,124
103,301,87
27,91,109
112,34,163
69,313,118
48,165,168
26,96,146
30,56,74
25,159,143
122,22,113
19,40,101
38,52,73
102,19,113
37,117,155
65,81,82
98,16,114
116,8,155
87,313,121
33,126,149
112,16,163
19,48,145
28,81,162
48,151,104
21,155,123
19,83,160
26,127,156
63,48,122
20,111,161
58,145,133
20,96,166
27,160,154
40,52,111
65,274,127
106,315,164
51,284,165
16,50,71
66,181,118
98,17,83
82,43,120
51,270,134
114,35,91
46,271,78
49,163,74
27,38,134
108,16,115
99,22,85
53,54,140
3,119,126
57,166,111
14,119,79
28,149,134
121,14,131
74,179,121
80,38,147
37,103,163
11,154,81
116,13,90
68,278,130
36,121,127
78,30,87
56,41,139
10,113,135
86,43,165
14,159,142
36,145,100
74,285,118
117,27,138
25,171,95
34,52,124
98,21,139
92,28,73
21,125,104
117,42,102
47,283,161
124,7,145
32,85,97
18,41,160
28,46,150
50,97,137
34,160,168
109,21,96
82,300,164
59,154,122
39,96,74
97,28,110
79,31,132
77,312,82
100,44,125
30,151,91
23,151,154
67,309,165
67,316,151
90,285,153
99,22,99
61,278,75
78,323,106
42,161,118
73,171,85
21,39,132
69,312,153
50,50,128
39,36,110
76,285,138
42,105,103
26,88,80
45,150,156
19,115,102
48,36,148
51,159,93
25,80,121
57,39,88
91,306,72
90,26,104
108,22,163
99,28,126
9,121,98
96,321,84
21,163,89
52,140,149
129,16,151
104,315,108
38,162,126
80,280,140
27,176,73
28,96,147
22,53,100
37,168,114
52,139,119
46,278,92
43,43,169
74,167,167
35,159,138
97,27,143
75,266,91
126,7,84
63,166,161
40,99,107
29,103,162
63,179,149
17,115,164
39,127,160
33,169,129
42,145,155
23,43,78
126,19,150
33,108,128
15,144,84
79,38,71
37,127,109
91,12,162
112,6,149
45,123,80
87,318,103
51,95,113
89,270,125
116,45,94
47,87,149
31,100,72
28,149,86
41,51,107
50,144,79
95,14,75
2,103,86
28,147,162
68,160,93
129,26,155
57,86,73
102,323,123
118,29,129
94,9,71
36,145,81
53,178,117
82,276,143
52,94,111
63,39,153
44,79,115
57,263,89
35,35,167
25,85,155
22,163,141
12,105,71
39,83,154
25,38,76
89,265,122
62,273,167
38,167,107
86,323,95
48,164,93
52,92,162
100,317,99
48,161,87
24,160,157
91,313,107
88,264,143
65,79,71
52,141,138
88,8,152
73,38,130
109,31,71
99,305,74
65,161,161
58,46,106
36,126,94
47,141,152


hospital(numambulance)
11
6
11
6
7